% total de casos = 36
%C: 15,25,35,45,55,56,65,51,52,53,54
pC = 11/36;
%D: 5*5
pD = 5*5/36;

%CD: 25,35,45,55,56,65,52,53,54
pCD = 9/36
pCpD = pC*pD

% Não são indepentedentes (valores diferentes)